[
    [266, 266, 0],
    [266, 267, 135],
    [266, 268, 252],
    [266, 379, 368],
    [266, 342, 395],
    [266, 340, 548],
    [266, 341, 567],
    [266, 269, 589],
    [266, 337, 635],
    [266, 338, 653],
    [266, 339, 716],
    [266, 270, 733],
    [266, 276, 1262],
    [266, 277, 1316],
    [266, 278, 1385],
    [266, 279, 1477],
    [266, 281, 1487],
    [266, 380, 1555],
    [266, 280, 1561],
    [267, 267, 0],
    [267, 268, 117],
    [267, 266, 135],
    [267, 379, 233],
    [267, 340, 413],
    [267, 342, 424],
    [267, 341, 436],
    [267, 269, 454],
    [267, 337, 500],
    [267, 338, 518],
    [267, 339, 581],
    [267, 270, 598],
    [267, 276, 1127],
    [267, 277, 1181],
    [267, 278, 1250],
    [267, 279, 1342],
    [267, 281, 1352],
    [267, 380, 1420],
    [267, 280, 1426],
    [268, 268, 0],
    [268, 379, 116],
    [268, 267, 117],
    [268, 266, 252],
    [268, 340, 296],
    [268, 269, 337],
    [268, 337, 383],
    [268, 338, 401],
    [268, 339, 464],
    [268, 342, 464],
    [268, 341, 465],
    [268, 270, 481],
    [268, 276, 1010],
    [268, 277, 1064],
    [268, 278, 1133],
    [268, 279, 1225],
    [268, 281, 1235],
    [268, 380, 1303],
    [268, 280, 1309],
    [269, 269, 0],
    [269, 270, 144],
    [269, 379, 221],
    [269, 337, 258],
    [269, 338, 332],
    [269, 268, 337],
    [269, 267, 454],
    [269, 339, 533],
    [269, 266, 589],
    [269, 340, 609],
    [269, 342, 779],
    [269, 341, 780],
    [269, 276, 885],
    [269, 277, 939],
    [269, 278, 1008],
    [269, 279, 1100],
    [269, 281, 1110],
    [269, 380, 1178],
    [269, 280, 1184],
    [270, 270, 0],
    [270, 269, 144],
    [270, 337, 279],
    [270, 379, 365],
    [270, 338, 476],
    [270, 268, 481],
    [270, 267, 598],
    [270, 339, 677],
    [270, 266, 733],
    [270, 340, 753],
    [270, 276, 827],
    [270, 277, 881],
    [270, 342, 923],
    [270, 341, 924],
    [270, 278, 950],
    [270, 279, 1042],
    [270, 281, 1052],
    [270, 380, 1120],
    [270, 280, 1126],
    [276, 276, 0],
    [276, 277, 135],
    [276, 278, 255],
    [276, 279, 420],
    [276, 281, 529],
    [276, 338, 609],
    [276, 337, 627],
    [276, 280, 728],
    [276, 339, 745],
    [276, 340, 821],
    [276, 270, 827],
    [276, 269, 885],
    [276, 379, 926],
    [276, 380, 929],
    [276, 341, 992],
    [276, 268, 1010],
    [276, 267, 1127],
    [276, 342, 1186],
    [276, 266, 1262],
    [277, 277, 0],
    [277, 278, 120],
    [277, 276, 135],
    [277, 279, 285],
    [277, 281, 394],
    [277, 280, 593],
    [277, 339, 610],
    [277, 338, 663],
    [277, 337, 681],
    [277, 340, 768],
    [277, 380, 794],
    [277, 341, 857],
    [277, 270, 881],
    [277, 269, 939],
    [277, 379, 980],
    [277, 268, 1064],
    [277, 267, 1181],
    [277, 342, 1240],
    [277, 266, 1316],
    [278, 278, 0],
    [278, 277, 120],
    [278, 279, 165],
    [278, 276, 255],
    [278, 281, 274],
    [278, 280, 473],
    [278, 380, 674],
    [278, 339, 674],
    [278, 338, 732],
    [278, 337, 750],
    [278, 341, 818],
    [278, 340, 837],
    [278, 270, 950],
    [278, 269, 1008],
    [278, 379, 1049],
    [278, 268, 1133],
    [278, 267, 1250],
    [278, 342, 1309],
    [278, 266, 1385],
    [279, 279, 0],
    [279, 281, 109],
    [279, 278, 165],
    [279, 277, 285],
    [279, 280, 308],
    [279, 276, 420],
    [279, 380, 509],
    [279, 339, 766],
    [279, 338, 824],
    [279, 337, 842],
    [279, 341, 910],
    [279, 340, 929],
    [279, 270, 1042],
    [279, 269, 1100],
    [279, 379, 1141],
    [279, 268, 1225],
    [279, 267, 1342],
    [279, 342, 1401],
    [279, 266, 1477],
    [280, 280, 0],
    [280, 281, 199],
    [280, 380, 201],
    [280, 279, 308],
    [280, 278, 473],
    [280, 277, 593],
    [280, 276, 728],
    [280, 339, 850],
    [280, 338, 908],
    [280, 337, 926],
    [280, 341, 994],
    [280, 340, 1013],
    [280, 270, 1126],
    [280, 269, 1184],
    [280, 379, 1225],
    [280, 268, 1309],
    [280, 267, 1426],
    [280, 342, 1485],
    [280, 266, 1561],
    [281, 281, 0],
    [281, 279, 109],
    [281, 280, 199],
    [281, 278, 274],
    [281, 277, 394],
    [281, 380, 400],
    [281, 276, 529],
    [281, 339, 776],
    [281, 338, 834],
    [281, 337, 852],
    [281, 341, 920],
    [281, 340, 939],
    [281, 270, 1052],
    [281, 269, 1110],
    [281, 379, 1151],
    [281, 268, 1235],
    [281, 267, 1352],
    [281, 342, 1411],
    [281, 266, 1487],
    [337, 337, 0],
    [337, 338, 197],
    [337, 269, 258],
    [337, 270, 279],
    [337, 379, 299],
    [337, 268, 383],
    [337, 339, 398],
    [337, 340, 474],
    [337, 267, 500],
    [337, 276, 627],
    [337, 266, 635],
    [337, 342, 644],
    [337, 341, 645],
    [337, 277, 681],
    [337, 278, 750],
    [337, 279, 842],
    [337, 281, 852],
    [337, 380, 920],
    [337, 280, 926],
    [338, 338, 0],
    [338, 337, 197],
    [338, 339, 201],
    [338, 340, 277],
    [338, 379, 317],
    [338, 269, 332],
    [338, 268, 401],
    [338, 341, 448],
    [338, 270, 476],
    [338, 267, 518],
    [338, 342, 577],
    [338, 276, 609],
    [338, 266, 653],
    [338, 277, 663],
    [338, 278, 732],
    [338, 279, 824],
    [338, 281, 834],
    [338, 380, 902],
    [338, 280, 908],
    [339, 339, 0],
    [339, 340, 168],
    [339, 338, 201],
    [339, 341, 247],
    [339, 379, 380],
    [339, 337, 398],
    [339, 268, 464],
    [339, 269, 533],
    [339, 267, 581],
    [339, 277, 610],
    [339, 342, 640],
    [339, 278, 674],
    [339, 270, 677],
    [339, 266, 716],
    [339, 276, 745],
    [339, 279, 766],
    [339, 281, 776],
    [339, 380, 844],
    [339, 280, 850],
    [340, 340, 0],
    [340, 339, 168],
    [340, 341, 171],
    [340, 338, 277],
    [340, 268, 296],
    [340, 379, 388],
    [340, 267, 413],
    [340, 342, 472],
    [340, 337, 474],
    [340, 266, 548],
    [340, 269, 609],
    [340, 270, 753],
    [340, 277, 768],
    [340, 276, 821],
    [340, 278, 837],
    [340, 279, 929],
    [340, 281, 939],
    [340, 380, 1007],
    [340, 280, 1013],
    [341, 341, 0],
    [341, 340, 171],
    [341, 339, 247],
    [341, 267, 436],
    [341, 338, 448],
    [341, 268, 465],
    [341, 342, 491],
    [341, 379, 559],
    [341, 266, 567],
    [341, 337, 645],
    [341, 269, 780],
    [341, 278, 818],
    [341, 277, 857],
    [341, 279, 910],
    [341, 281, 920],
    [341, 270, 924],
    [341, 380, 988],
    [341, 276, 992],
    [341, 280, 994],
    [342, 342, 0],
    [342, 266, 395],
    [342, 267, 424],
    [342, 268, 464],
    [342, 340, 472],
    [342, 341, 491],
    [342, 379, 558],
    [342, 338, 577],
    [342, 339, 640],
    [342, 337, 644],
    [342, 269, 779],
    [342, 270, 923],
    [342, 276, 1186],
    [342, 277, 1240],
    [342, 278, 1309],
    [342, 279, 1401],
    [342, 281, 1411],
    [342, 380, 1479],
    [342, 280, 1485],
    [379, 379, 0],
    [379, 268, 116],
    [379, 269, 221],
    [379, 267, 233],
    [379, 337, 299],
    [379, 338, 317],
    [379, 270, 365],
    [379, 266, 368],
    [379, 339, 380],
    [379, 340, 388],
    [379, 342, 558],
    [379, 341, 559],
    [379, 276, 926],
    [379, 277, 980],
    [379, 278, 1049],
    [379, 279, 1141],
    [379, 281, 1151],
    [379, 380, 1219],
    [379, 280, 1225],
    [380, 380, 0],
    [380, 280, 201],
    [380, 281, 400],
    [380, 279, 509],
    [380, 278, 674],
    [380, 277, 794],
    [380, 339, 844],
    [380, 338, 902],
    [380, 337, 920],
    [380, 276, 929],
    [380, 341, 988],
    [380, 340, 1007],
    [380, 270, 1120],
    [380, 269, 1178],
    [380, 379, 1219],
    [380, 268, 1303],
    [380, 267, 1420],
    [380, 342, 1479],
    [380, 266, 1555]
]
